135
153
157
134
126
112
113
122
133
126
124
111
128
129
126
163
117
160
125
117
131
134
109
132
113
106
125
114
114
116
116
165
115
116
120
117
125
120
122
124
137
111
126
143
141
143
141
117
118
115
152
108
118
126
134
116
106
118
124
115
132
137
116
136
140
119
108
131
113
119
114
123
118
144
122
112
83
107
113
127
112
109
111
109
117
118
129
142
124
113
149
141
156
133
121
110
102
123
111
120
123
131
104
118
126
107
117
121
133
112
122
106
119
129
114
107
107
160
107
149
165
127
116
115
110
135
115
130
118
130
113
110
130
121
219
153
121
118
140
143
112
187
104
109
128
163
121
117
120
148
138
113
135
119
111
122
126
158
143
117
117
123
114
133
118
114
130
113
121
120
117
139
129
119
117
132
115
106
149
123
132
128
124
116
116
121
147
123
122
124
129
135
122
147
120
140
129
125
140
129
129
143
121
127
118
134
128
139
128
129
118
132
129
118
124
113
116
101
108
120
106
107
117
157
118
152
111
140
111
118
146
118
135
145
108
109
108
122
124
124
156
169
130
105
109
112
157
125
137
114
126
132
191
